0.3331
0.348689
0.364214
0.378711
0.379719
0.387914
0.391933
0.38869
0.391694
0.400477
0.403398
0.405191
0.413074
0.416342
0.431159
0.425526
0.429193
0.440441
0.452279
0.460134
0.466379
0.478694
0.483405
0.490808
0.504919
0.525216
0.529305
0.524617
0.542948
0.543124
0.551292
0.554927
0.567279
0.570127
0.588523
0.585475
0.59681
0.601829
0.616503
0.620919
0.633048
0.636453
0.658863
0.669018
0.673359
0.683294
0.691482
0.712452
0.725847
0.740756
0.753338
0.767543
0.783683
0.796919
0.813337
0.828077
0.837658
0.844717
0.855958
0.868757
0.878243
0.889888
0.899558
0.906557
0.918069
0.924183
0.929576
0.935555
0.942033
0.948374
0.952577
0.957789
0.964935
0.96483
0.967062
0.971257
0.975425
0.977263
0.977013
0.978991
0.979996
0.982247
0.982028
0.981735
0.982
0.981842
0.981748
0.983395
0.984095
0.984823
0.984708
0.985008
0.984771
0.985444
0.985444
0.985444
0.985444
0.985444
0.985444
0.985444
