0.893214
0.862857
0.842857
0.811429
0.809643
0.794286
0.785714
0.7925
0.787143
0.766429
0.773929
0.759643
0.745
0.736786
0.718214
0.720714
0.708929
0.698214
0.678214
0.671071
0.659286
0.633929
0.631071
0.613571
0.5975
0.571786
0.566786
0.563214
0.540714
0.548214
0.527143
0.526429
0.515
0.503214
0.478929
0.483214
0.462857
0.458571
0.434286
0.424643
0.415
0.391429
0.375357
0.358929
0.346786
0.341429
0.325
0.298214
0.280357
0.26
0.243214
0.228929
0.205714
0.190714
0.170714
0.157143
0.144643
0.133571
0.124643
0.109643
0.1
0.0842857
0.0760714
0.0639286
0.0596429
0.0542857
0.0478571
0.0407143
0.0364286
0.0321429
0.0246429
0.0228571
0.0192857
0.0167857
0.0135714
0.01
0.00785714
0.00607143
0.00642857
0.00535714
0.00357143
0.0025
0.00285714
0.00321429
0.00392857
0.00321429
0.00321429
0.00178571
0.00107143
0.000357143
0.000357143
0.000357143
0.000357143
0
0
0
0
0
0
0
